7
0.0 8.7 11.3 9.2 4.5 8.3 8.0 
8.7 0.0 11.8 9.7 9.4 3.8 12.4 
11.3 11.8 0.0 9.0 4.0 12.7 9.3 
9.2 9.7 9.0 0.0 7.4 4.4 12.9 
4.5 9.4 4.0 7.4 0.0 4.4 9.4 
8.3 3.8 12.7 4.4 4.4 0.0 12.6 
8.0 12.4 9.3 12.9 9.4 12.6 0.0 
