100
0.0 119.4 159.4 126.7 55.3 112.7 108.3 166.9 133.5 129.4 44.0 174.9 123.4 46.9 180.1 128.7 98.2 52.3 182.8 52.7 130.1 178.9 68.5 42.1 150.0 70.8 133.5 144.4 129.6 183.5 149.6 24.1 50.2 141.8 82.6 139.6 24.9 128.0 145.5 79.1 24.3 53.9 139.5 72.2 36.7 88.6 120.6 11.0 193.4 22.8 190.8 187.1 34.2 29.4 167.9 56.8 133.7 140.7 9.8 68.4 39.1 3.8 56.6 170.4 174.2 124.8 186.1 10.8 127.6 40.3 57.3 122.0 65.1 21.3 147.5 22.5 91.0 108.0 54.0 178.3 199.5 130.2 168.1 177.1 51.9 74.7 167.6 153.2 29.2 103.3 136.9 163.3 62.3 192.2 144.3 144.6 116.4 60.2 79.2 133.9 
119.4 0.0 134.1 33.3 192.7 148.8 144.5 118.9 193.1 139.2 91.4 96.7 149.0 78.4 58.1 170.6 194.2 32.9 40.6 21.0 80.0 8.1 94.0 21.6 177.8 66.2 42.8 94.3 73.1 57.4 108.8 26.7 102.5 72.2 103.8 147.5 81.1 39.6 117.8 144.6 134.1 79.7 171.4 181.1 37.8 51.0 146.8 106.2 175.8 59.7 10.1 24.5 146.4 163.0 15.5 91.8 24.2 9.2 188.4 64.3 93.8 176.0 137.5 178.9 46.9 79.8 6.6 189.5 153.1 91.0 63.2 130.0 6.5 123.6 159.2 53.2 110.7 193.6 38.8 170.1 139.2 193.1 198.1 14.8 27.1 67.4 8.5 84.8 54.0 192.7 2.4 69.9 163.6 135.6 65.7 10.0 97.1 36.7 182.8 108.6 
159.4 134.1 0.0 10.0 167.6 160.5 76.0 164.5 43.6 124.5 63.1 102.5 195.7 66.3 29.8 50.1 116.7 144.9 40.6 153.5 112.0 11.9 41.8 10.8 185.1 18.7 160.2 2.6 113.1 141.7 122.2 17.5 199.3 131.7 171.4 147.8 97.6 95.9 60.1 72.3 32.6 10.1 13.8 182.6 43.4 29.1 37.6 78.4 76.5 134.9 62.3 40.4 194.3 11.7 80.8 11.7 55.0 29.4 92.7 11.5 70.6 70.0 75.0 115.2 197.4 176.3 30.3 34.2 66.6 74.6 96.7 126.2 143.3 96.2 87.3 69.1 199.4 105.7 66.7 154.6 23.8 39.3 117.4 16.9 116.1 44.0 31.4 56.9 55.4 81.7 197.5 127.8 185.2 175.8 132.9 150.2 36.1 18.4 105.4 149.0 
126.7 33.3 10.0 0.0 44.1 1.5 110.0 64.4 76.0 95.0 75.4 103.5 63.8 183.1 155.5 69.7 171.1 177.8 72.3 199.9 41.0 100.9 159.0 181.0 199.8 70.9 11.6 88.6 145.6 115.9 198.4 160.8 145.5 49.5 23.2 144.8 103.1 88.8 197.9 15.4 186.2 45.9 34.2 124.3 16.5 34.0 152.5 56.1 106.5 25.4 125.5 23.5 155.1 114.5 129.2 92.5 100.4 13.8 182.3 173.3 153.7 47.6 150.6 38.5 41.6 145.4 13.8 10.9 32.4 156.3 67.9 194.2 153.5 6.2 56.2 24.6 119.3 115.3 191.1 142.7 21.9 109.0 140.8 145.1 23.0 104.7 25.6 46.0 35.0 154.6 81.9 100.2 67.0 98.4 156.1 192.5 66.4 60.9 82.3 98.7 
55.3 192.7 167.6 44.1 0.0 24.9 90.6 172.6 91.6 77.8 92.1 37.4 92.7 86.7 192.9 193.6 46.3 10.1 103.0 157.6 145.0 85.2 62.7 114.7 72.7 11.5 40.4 45.8 148.0 59.7 196.7 120.1 61.8 44.7 199.4 192.1 190.7 193.2 43.5 183.1 188.3 183.3 184.1 197.8 96.8 73.0 90.4 126.9 143.0 70.8 157.5 125.3 147.2 181.1 97.7 155.8 2.1 188.1 155.5 176.2 55.2 160.2 35.3 163.0 125.0 8.9 97.7 192.7 174.0 76.9 126.1 110.2 174.0 16.7 184.9 125.1 123.4 81.7 18.2 164.8 127.6 119.9 120.5 106.2 85.9 89.0 23.4 198.8 17.3 45.8 41.5 17.0 27.9 64.0 81.7 133.9 175.4 152.5 40.6 108.0 
112.7 148.8 160.5 1.5 24.9 0.0 129.6 43.3 79.6 69.5 150.7 79.9 145.7 188.7 106.7 7.5 166.1 49.1 93.4 197.1 61.7 12.0 166.9 32.4 6.7 144.8 106.4 135.1 20.5 178.1 53.5 30.5 15.8 86.8 192.8 7.8 30.3 77.8 121.4 180.4 16.5 10.9 79.6 107.3 160.9 199.8 52.3 19.4 124.6 169.1 92.9 35.8 125.0 129.6 171.4 116.3 20.7 105.8 150.6 46.9 86.3 57.5 197.1 144.8 14.9 31.0 191.6 185.4 130.5 124.7 152.6 30.5 105.7 128.7 9.8 123.7 146.1 134.6 24.6 15.1 98.6 24.4 198.8 90.6 55.7 6.2 30.1 161.6 134.2 119.2 196.8 10.1 193.8 59.8 35.0 34.4 7.3 197.9 50.4 39.8 
108.3 144.5 76.0 110.0 90.6 129.6 0.0 8.0 176.7 116.0 45.1 89.2 43.4 116.3 154.4 144.7 190.0 176.6 74.6 169.0 171.3 175.3 192.0 136.4 57.9 139.6 40.4 50.8 115.2 122.3 16.8 31.2 9.0 111.1 103.4 145.7 107.8 194.4 25.4 185.5 53.6 50.3 72.6 34.0 191.5 26.6 144.7 41.1 117.0 21.3 70.1 169.4 51.1 17.1 15.8 90.6 132.5 33.4 43.2 15.1 65.4 8.2 149.1 18.5 137.2 1.4 15.3 82.7 117.6 153.6 7.6 4.3 106.9 69.7 77.7 137.8 144.7 168.4 54.9 163.2 33.0 88.0 58.6 158.2 110.3 43.6 14.2 184.8 85.1 33.6 91.6 62.9 123.6 173.2 196.1 139.8 32.4 44.6 102.1 51.0 
166.9 118.9 164.5 64.4 172.6 43.3 8.0 0.0 99.5 155.3 170.5 22.4 129.4 194.2 50.4 185.7 182.5 60.2 39.8 38.2 25.8 93.0 17.1 111.7 9.3 73.5 195.7 152.5 57.0 70.3 79.9 96.0 50.6 129.7 9.8 21.1 34.6 72.7 6.9 50.8 30.8 191.5 91.7 20.2 28.8 140.2 128.5 20.9 172.5 47.3 148.8 142.5 27.3 99.0 146.9 34.1 13.4 18.9 41.2 16.7 196.9 165.1 83.5 78.9 37.9 171.0 58.1 96.8 99.8 196.1 161.3 73.9 197.0 156.3 73.4 90.2 45.8 39.3 186.8 81.3 70.9 133.5 52.9 21.4 116.7 123.8 87.7 110.9 155.9 15.4 96.3 57.3 85.9 106.1 188.3 155.2 44.3 99.0 144.8 182.2 
133.5 193.1 43.6 76.0 91.6 79.6 176.7 99.5 0.0 36.0 144.7 114.5 92.8 54.9 109.3 141.8 80.2 150.4 87.2 53.5 4.7 2.9 124.2 34.6 111.6 125.3 168.6 22.1 176.3 95.4 23.6 132.3 137.5 74.4 158.8 14.5 43.8 104.6 34.6 44.4 184.4 155.8 157.5 76.9 37.6 78.8 182.5 21.5 163.5 100.6 46.9 80.2 143.2 35.6 126.0 4.8 144.0 2.5 88.3 135.5 114.6 62.9 188.1 163.9 186.2 56.6 9.0 121.0 66.9 45.2 70.4 86.3 85.7 186.2 77.5 25.0 179.4 151.9 55.8 39.7 38.5 26.2 96.8 5.4 88.2 177.7 101.5 78.4 125.1 71.5 11.9 34.6 87.9 106.7 73.6 173.0 48.1 41.6 45.1 133.3 
129.4 139.2 124.5 95.0 77.8 69.5 116.0 155.3 36.0 0.0 150.9 81.5 147.3 21.5 132.9 172.5 60.1 142.8 22.6 19.5 174.6 115.5 158.0 150.2 187.7 102.2 57.7 145.7 9.9 100.8 30.3 191.3 48.6 137.4 162.0 66.9 167.1 167.8 65.3 19.2 126.5 8.1 119.8 91.5 20.6 133.9 30.8 24.2 64.6 184.4 132.8 26.3 136.9 185.4 116.5 73.3 144.1 91.2 107.7 149.2 64.9 36.0 115.8 133.3 47.5 178.4 164.4 112.6 133.1 15.1 39.0 126.8 198.6 40.7 69.2 137.6 25.1 69.6 73.6 130.3 67.8 194.4 17.6 9.3 129.5 84.5 110.5 10.3 198.9 15.7 193.3 166.2 150.0 185.6 183.7 157.1 144.1 14.9 93.2 104.5 
44.0 91.4 63.1 75.4 92.1 150.7 45.1 170.5 144.7 150.9 0.0 27.5 49.6 161.4 91.0 82.2 111.1 151.3 141.5 33.5 93.9 62.4 157.9 150.1 9.2 150.6 178.7 117.9 157.9 180.7 129.6 69.5 31.6 29.0 187.5 28.3 176.6 147.5 81.7 66.8 46.1 158.8 126.4 14.4 107.7 153.8 15.0 75.1 42.6 155.4 24.4 80.3 99.1 136.2 35.2 84.4 111.7 166.2 121.9 158.1 82.7 102.2 145.9 79.0 118.2 140.0 10.7 193.8 6.8 195.6 65.8 131.7 68.7 141.6 195.1 143.3 44.7 184.3 33.1 52.5 100.0 194.2 40.4 26.3 156.7 16.4 85.8 119.5 172.5 74.6 148.5 96.0 35.8 197.7 176.6 112.0 8.3 187.2 59.3 35.0 
174.9 96.7 102.5 103.5 37.4 79.9 89.2 22.4 114.5 81.5 27.5 0.0 14.3 84.4 45.9 186.2 47.6 36.8 51.4 194.9 114.2 55.3 7.9 134.7 175.9 23.1 137.5 38.0 167.3 114.2 184.5 155.3 48.7 134.0 61.5 11.5 190.5 136.3 10.8 68.2 81.9 60.4 177.5 108.0 195.5 144.4 121.1 148.2 169.2 27.1 110.0 3.0 80.8 64.3 12.6 137.5 112.9 131.6 13.7 188.6 132.1 49.9 145.6 198.1 199.4 58.3 5.1 103.5 193.9 6.5 14.9 90.8 67.7 94.1 154.4 124.9 181.7 109.8 70.5 80.5 112.7 40.7 171.7 110.4 87.1 13.2 65.3 16.7 192.2 177.7 16.9 195.8 151.7 178.3 49.3 101.4 180.3 10.2 194.9 198.3 
123.4 149.0 195.7 63.8 92.7 145.7 43.4 129.4 92.8 147.3 49.6 14.3 0.0 53.0 135.7 22.8 10.4 32.0 144.0 90.4 82.1 102.1 193.3 21.8 144.4 57.9 161.1 125.5 130.3 64.8 86.0 57.4 62.5 106.7 182.8 133.3 44.8 132.2 194.4 27.3 97.0 162.9 118.4 121.7 152.9 5.4 118.7 142.0 196.8 154.4 31.7 62.3 156.7 21.1 121.8 36.5 157.8 149.1 49.2 124.8 26.1 150.7 131.5 29.8 51.3 48.3 41.9 136.2 191.0 161.2 63.3 78.4 118.6 80.5 99.2 155.5 43.5 170.2 199.4 185.9 130.0 149.8 52.3 116.8 191.6 144.7 73.4 172.9 58.8 37.0 130.9 175.2 154.8 81.5 167.9 26.1 111.4 6.4 137.0 170.6 
46.9 78.4 66.3 183.1 86.7 188.7 116.3 194.2 54.9 21.5 161.4 84.4 53.0 0.0 48.3 151.7 152.7 130.1 60.9 96.2 7.0 177.4 77.7 54.7 53.1 59.7 129.8 141.9 167.2 98.4 62.3 151.9 124.8 25.0 166.0 106.2 89.5 116.4 23.5 58.6 114.7 78.0 187.9 7.8 185.8 162.4 170.4 34.9 27.5 62.7 169.9 164.5 115.1 78.7 137.1 50.8 109.3 41.8 26.6 90.6 117.8 5.2 164.7 183.1 154.0 182.5 109.1 185.4 44.5 43.3 92.4 26.6 13.4 131.9 111.8 27.9 104.1 81.9 76.1 131.3 158.6 158.4 125.1 29.8 28.8 58.8 175.5 69.6 195.4 89.9 12.9 168.0 60.8 48.2 93.2 77.3 156.2 46.3 24.3 91.4 
180.1 58.1 29.8 155.5 192.9 106.7 154.4 50.4 109.3 132.9 91.0 45.9 135.7 48.3 0.0 150.3 154.3 69.2 18.3 60.9 120.0 44.0 85.7 6.1 55.2 87.0 63.3 134.7 68.6 62.7 197.8 195.2 136.9 149.9 70.8 178.3 94.5 53.8 151.6 27.6 182.6 125.9 135.2 54.7 124.1 115.1 67.4 17.1 9.0 171.1 154.3 58.7 133.3 4.5 25.6 62.4 156.9 82.0 7.4 127.7 76.7 104.3 68.4 186.8 81.9 46.1 17.2 197.2 150.8 99.5 83.6 29.6 54.0 102.8 42.5 190.0 57.5 30.3 167.5 63.6 74.7 103.5 128.2 85.1 140.7 91.1 126.8 109.2 175.4 141.5 154.0 71.7 115.6 56.0 5.2 161.5 17.3 63.8 41.5 20.4 
128.7 170.6 50.1 69.7 193.6 7.5 144.7 185.7 141.8 172.5 82.2 186.2 22.8 151.7 150.3 0.0 40.4 94.0 125.5 31.1 122.2 93.1 103.4 129.7 26.6 125.1 64.7 137.9 120.7 65.8 67.3 12.5 177.2 59.9 117.2 73.2 157.9 73.9 51.8 114.6 88.7 62.8 146.7 103.6 86.4 102.1 83.5 39.3 48.7 163.8 72.4 55.0 3.4 90.9 60.9 42.2 146.4 176.2 138.8 33.9 75.4 85.7 179.8 71.4 190.1 175.4 160.0 196.9 191.9 198.0 129.7 126.6 190.4 28.1 32.3 10.4 164.3 96.8 21.0 121.8 64.9 98.3 184.4 58.6 87.3 28.5 138.2 3.8 107.1 165.7 198.6 134.5 20.6 159.0 137.3 62.4 48.6 119.5 107.5 13.3 
98.2 194.2 116.7 171.1 46.3 166.1 190.0 182.5 80.2 60.1 111.1 47.6 10.4 152.7 154.3 40.4 0.0 97.7 42.9 148.4 20.8 182.2 198.5 90.5 63.0 47.1 20.0 151.5 28.3 73.2 107.8 152.4 160.9 160.2 102.8 156.6 115.0 6.3 148.2 190.0 83.7 86.1 7.1 23.0 193.1 151.9 59.5 123.3 34.3 19.6 52.4 38.8 162.5 43.1 109.3 55.5 154.6 196.6 39.1 7.3 61.3 150.0 174.4 5.4 53.5 138.4 29.3 7.3 156.7 164.9 102.5 184.3 40.6 71.3 113.2 22.1 185.8 18.1 65.1 130.1 49.4 57.9 138.1 131.4 45.7 11.1 134.1 1.3 66.9 81.9 81.1 163.8 138.4 83.2 134.4 134.8 114.6 86.3 121.6 144.2 
52.3 32.9 144.9 177.8 10.1 49.1 176.6 60.2 150.4 142.8 151.3 36.8 32.0 130.1 69.2 94.0 97.7 0.0 102.9 32.5 61.5 119.0 133.1 178.8 192.3 184.8 51.5 5.7 63.2 153.2 100.8 157.5 103.0 87.0 106.6 171.1 80.7 161.7 169.2 84.1 103.0 166.2 183.4 132.1 149.7 15.7 38.2 9.4 5.4 101.7 138.3 58.0 73.1 191.5 136.8 88.6 144.2 131.3 27.5 147.0 185.3 190.4 54.2 82.1 54.6 196.9 86.8 21.3 123.3 17.4 19.7 6.6 107.5 167.5 31.8 149.4 181.0 141.6 92.3 15.4 60.9 47.0 128.1 53.1 83.3 166.1 188.4 192.7 171.2 190.5 85.2 7.6 140.8 150.2 179.1 16.4 25.2 55.0 166.9 188.4 
182.8 40.6 40.6 72.3 103.0 93.4 74.6 39.8 87.2 22.6 141.5 51.4 144.0 60.9 18.3 125.5 42.9 102.9 0.0 139.6 4.4 183.9 171.0 159.3 150.2 13.1 35.4 96.9 159.2 49.1 116.5 12.9 164.2 133.0 24.1 188.8 152.1 142.1 182.0 95.7 153.0 89.9 172.2 33.1 168.4 58.9 137.6 9.8 107.0 64.5 114.9 2.1 164.6 163.0 26.2 70.5 160.9 108.2 42.4 145.3 95.0 199.5 78.7 25.7 199.2 159.2 47.5 4.7 73.2 39.2 80.1 160.3 6.8 97.3 195.2 40.9 116.4 133.0 158.7 36.7 88.2 166.0 41.1 104.2 48.8 123.0 74.0 181.4 21.1 126.2 7.2 12.0 155.1 199.1 33.5 49.8 175.1 156.3 107.5 7.1 
52.7 21.0 153.5 199.9 157.6 197.1 169.0 38.2 53.5 19.5 33.5 194.9 90.4 96.2 60.9 31.1 148.4 32.5 139.6 0.0 29.1 148.1 113.5 136.7 106.1 147.9 17.7 182.4 12.5 144.0 45.3 171.3 8.1 181.2 64.3 152.2 185.8 113.4 110.5 105.5 68.4 115.7 84.2 190.7 48.1 168.7 158.6 146.7 54.6 56.8 34.5 11.8 173.3 121.9 41.3 58.2 156.3 113.7 151.3 2.0 124.4 150.4 72.3 189.0 189.1 174.3 81.5 42.8 5.0 117.4 139.4 75.1 125.5 54.0 28.9 155.3 22.0 66.9 30.7 167.1 156.6 130.4 125.3 189.9 197.3 107.6 41.0 141.9 65.0 132.3 102.6 135.7 187.0 142.4 103.5 173.7 74.1 136.6 68.1 57.9 
130.1 80.0 112.0 41.0 145.0 61.7 171.3 25.8 4.7 174.6 93.9 114.2 82.1 7.0 120.0 122.2 20.8 61.5 4.4 29.1 0.0 196.0 108.7 72.2 135.4 180.6 127.8 9.8 72.2 38.8 13.0 150.4 5.3 133.6 112.4 80.7 48.7 147.8 189.6 29.8 143.6 120.4 122.4 62.8 134.0 140.9 34.0 111.4 164.5 121.5 149.4 85.3 162.9 80.1 3.0 35.9 5.7 190.0 52.3 164.6 83.6 190.3 50.4 39.9 13.7 161.0 26.7 21.0 52.0 191.9 4.5 91.3 145.2 145.5 11.6 133.1 160.7 105.6 185.5 162.9 44.3 54.7 16.5 134.8 41.5 179.3 105.4 180.3 107.1 105.2 178.3 123.1 159.6 195.2 117.1 175.0 90.6 81.8 27.3 46.8 
178.9 8.1 11.9 100.9 85.2 12.0 175.3 93.0 2.9 115.5 62.4 55.3 102.1 177.4 44.0 93.1 182.2 119.0 183.9 148.1 196.0 0.0 152.8 23.7 73.0 146.0 153.2 26.3 191.1 2.8 83.1 73.3 19.2 171.4 140.2 119.2 142.3 37.5 106.4 65.0 47.5 40.2 82.6 183.1 120.3 192.1 54.1 114.9 54.0 162.5 120.8 43.1 161.3 128.9 22.1 9.5 150.6 81.5 136.7 13.2 161.0 47.3 9.5 189.3 83.2 55.9 155.8 84.7 62.7 163.3 62.2 130.0 147.9 56.2 152.6 93.9 70.1 57.8 50.6 155.9 196.5 15.6 52.3 124.2 74.2 28.9 147.4 164.0 154.2 128.5 77.3 158.1 64.5 29.4 86.3 157.1 98.1 159.9 138.6 160.4 
68.5 94.0 41.8 159.0 62.7 166.9 192.0 17.1 124.2 158.0 157.9 7.9 193.3 77.7 85.7 103.4 198.5 133.1 171.0 113.5 108.7 152.8 0.0 120.5 155.9 128.2 78.0 12.8 12.0 27.8 16.4 56.9 187.8 54.9 48.1 51.5 81.7 111.7 94.7 70.3 62.8 81.2 75.4 54.0 34.1 57.6 177.5 196.4 195.1 41.9 184.0 108.2 121.5 55.3 14.4 143.4 121.3 19.0 167.4 116.0 16.2 36.4 110.7 34.8 72.5 40.6 72.4 42.0 102.5 78.2 68.9 107.9 76.4 120.9 96.7 38.2 152.4 104.6 142.1 76.5 116.4 8.4 130.8 16.3 198.0 170.2 56.6 86.7 42.6 114.0 195.3 131.5 190.5 24.3 161.0 156.7 168.8 139.0 76.3 8.6 
42.1 21.6 10.8 181.0 114.7 32.4 136.4 111.7 34.6 150.2 150.1 134.7 21.8 54.7 6.1 129.7 90.5 178.8 159.3 136.7 72.2 23.7 120.5 0.0 198.9 167.9 102.0 132.5 172.4 185.3 142.1 154.8 113.0 118.1 169.8 156.6 73.6 179.7 117.3 102.2 185.7 148.9 32.9 78.6 59.3 106.9 98.8 145.7 97.7 155.8 3.7 180.6 130.8 136.1 34.5 48.7 153.5 145.8 27.2 106.4 84.1 96.8 182.2 143.5 126.7 92.3 35.2 97.0 145.4 167.0 26.7 148.8 171.0 32.1 79.2 119.0 42.2 165.9 98.1 114.8 174.2 181.3 165.8 179.1 154.9 80.0 172.2 177.0 33.6 89.2 106.9 104.0 59.9 143.4 163.0 198.2 168.2 94.0 87.1 41.4 
150.0 177.8 185.1 199.8 72.7 6.7 57.9 9.3 111.6 187.7 9.2 175.9 144.4 53.1 55.2 26.6 63.0 192.3 150.2 106.1 135.4 73.0 155.9 198.9 0.0 198.1 31.1 15.7 127.4 82.8 141.3 24.7 150.7 152.5 154.5 135.8 127.3 35.4 13.1 50.2 193.5 51.2 167.2 27.8 170.0 28.2 158.9 133.6 20.8 27.9 115.8 153.7 183.6 186.2 15.3 4.6 118.1 62.6 6.3 119.7 43.2 112.2 61.4 129.4 12.7 79.1 199.4 1.8 4.9 15.0 83.7 33.2 68.1 37.7 93.3 29.0 198.6 86.2 181.2 126.6 184.0 134.3 83.9 70.7 83.0 141.5 152.7 114.5 71.2 64.8 180.2 124.2 13.4 140.1 13.4 19.6 3.1 115.5 74.6 77.2 
70.8 66.2 18.7 70.9 11.5 144.8 139.6 73.5 125.3 102.2 150.6 23.1 57.9 59.7 87.0 125.1 47.1 184.8 13.1 147.9 180.6 146.0 128.2 167.9 198.1 0.0 43.4 167.2 54.2 97.1 12.4 35.7 5.3 184.3 132.1 158.7 162.0 179.6 17.9 56.2 100.2 25.9 118.8 34.4 153.0 109.0 76.7 168.1 172.5 146.2 46.3 110.9 106.9 125.8 98.7 186.2 18.0 39.8 52.7 153.6 105.8 132.9 174.7 117.9 86.9 164.7 127.3 154.2 115.1 22.7 175.5 182.3 121.2 147.5 187.7 4.2 155.9 173.8 129.7 160.0 175.4 44.7 75.0 193.3 2.6 133.6 124.8 15.6 52.2 68.1 37.8 24.6 69.6 29.5 116.8 128.6 88.9 181.6 138.9 26.2 
133.5 42.8 160.2 11.6 40.4 106.4 40.4 195.7 168.6 57.7 178.7 137.5 161.1 129.8 63.3 64.7 20.0 51.5 35.4 17.7 127.8 153.2 78.0 102.0 31.1 43.4 0.0 83.4 97.5 3.9 113.0 180.3 52.4 137.0 105.3 135.5 95.8 103.5 138.4 160.3 75.8 23.9 11.2 166.5 37.0 106.7 13.6 44.5 159.3 87.2 173.3 109.2 49.9 8.2 16.6 35.1 135.8 58.2 17.9 132.5 123.2 188.2 130.7 141.3 9.3 185.9 43.0 163.3 184.8 162.5 160.1 145.8 195.6 68.3 159.3 168.3 33.9 9.7 79.2 97.0 143.2 101.6 89.3 76.7 196.8 108.2 109.9 133.6 198.5 71.5 125.0 129.5 112.1 47.8 167.2 110.6 7.6 170.6 7.2 101.5 
144.4 94.3 2.6 88.6 45.8 135.1 50.8 152.5 22.1 145.7 117.9 38.0 125.5 141.9 134.7 137.9 151.5 5.7 96.9 182.4 9.8 26.3 12.8 132.5 15.7 167.2 83.4 0.0 28.3 59.5 1.2 60.8 76.7 6.9 47.1 45.9 199.4 110.6 184.1 5.7 22.2 5.0 121.2 144.7 68.6 130.0 63.7 150.0 92.3 3.8 41.8 51.4 72.8 163.1 11.5 172.2 26.3 122.8 190.1 197.7 64.7 198.5 13.9 15.4 20.0 87.3 92.6 8.6 198.2 9.6 8.8 43.8 94.3 146.5 178.5 105.2 21.7 53.2 170.1 173.1 69.9 27.0 131.4 121.2 84.8 2.9 41.5 194.3 162.6 90.0 167.7 93.6 19.9 44.3 82.7 150.6 178.6 120.7 132.9 115.2 
129.6 73.1 113.1 145.6 148.0 20.5 115.2 57.0 176.3 9.9 157.9 167.3 130.3 167.2 68.6 120.7 28.3 63.2 159.2 12.5 72.2 191.1 12.0 172.4 127.4 54.2 97.5 28.3 0.0 95.8 141.8 27.3 67.9 118.0 124.8 52.2 105.8 163.7 184.4 136.6 21.8 148.1 116.8 157.5 132.3 118.4 99.9 129.0 178.7 177.4 100.2 49.6 163.4 182.0 109.0 172.6 104.8 4.3 141.0 92.3 31.6 128.9 173.0 90.9 102.9 126.5 189.5 194.3 136.8 91.7 53.9 101.5 189.4 123.4 172.2 148.1 18.1 184.0 180.7 85.2 170.5 132.6 89.1 122.1 162.1 87.7 21.6 30.4 80.9 3.0 179.6 89.5 110.1 56.2 132.5 10.5 127.0 109.0 127.7 94.4 
183.5 57.4 141.7 115.9 59.7 178.1 122.3 70.3 95.4 100.8 180.7 114.2 64.8 98.4 62.7 65.8 73.2 153.2 49.1 144.0 38.8 2.8 27.8 185.3 82.8 97.1 3.9 59.5 95.8 0.0 86.3 75.9 164.1 170.4 111.9 21.2 53.4 50.0 58.8 117.6 59.9 119.0 134.2 181.1 162.6 74.6 152.7 188.1 48.9 141.6 81.6 30.7 41.1 52.9 127.6 139.0 179.9 88.7 134.6 151.7 192.7 46.8 73.7 67.0 42.5 157.2 50.4 24.4 106.0 177.8 42.5 159.4 162.2 62.8 7.9 59.5 88.6 66.3 17.3 142.3 77.6 129.7 172.5 144.1 33.5 86.3 34.5 118.3 148.2 16.9 102.2 103.6 38.2 55.5 142.7 127.7 152.7 183.4 168.4 28.0 
149.6 108.8 122.2 198.4 196.7 53.5 16.8 79.9 23.6 30.3 129.6 184.5 86.0 62.3 197.8 67.3 107.8 100.8 116.5 45.3 13.0 83.1 16.4 142.1 141.3 12.4 113.0 1.2 141.8 86.3 0.0 39.9 53.5 8.6 164.0 1.8 159.8 133.7 82.8 144.2 171.5 80.1 144.0 27.1 13.0 10.1 56.1 183.0 52.8 49.9 116.2 12.1 105.5 137.9 100.0 145.4 132.6 192.0 172.2 42.5 21.4 151.4 186.8 112.0 114.1 174.4 160.3 41.6 191.8 98.1 131.3 66.6 149.1 20.6 154.1 135.3 82.8 65.1 183.3 164.8 40.0 15.7 24.2 56.0 132.4 44.9 155.9 67.4 61.7 5.9 142.2 34.1 12.5 135.2 32.4 96.3 49.8 101.5 104.8 113.4 
24.1 26.7 17.5 160.8 120.1 30.5 31.2 96.0 132.3 191.3 69.5 155.3 57.4 151.9 195.2 12.5 152.4 157.5 12.9 171.3 150.4 73.3 56.9 154.8 24.7 35.7 180.3 60.8 27.3 75.9 39.9 0.0 86.1 61.9 192.4 126.8 45.5 187.1 16.8 123.2 191.4 122.4 1.5 83.4 175.4 138.6 16.0 118.0 13.3 56.1 165.2 156.6 37.9 58.0 134.1 95.2 41.9 49.1 97.5 30.5 36.9 156.0 143.6 55.1 93.2 58.1 123.0 62.2 164.5 132.3 74.5 178.5 189.9 134.2 37.0 20.8 162.5 51.7 27.5 171.9 161.5 147.4 137.5 165.0 147.8 112.1 123.7 133.7 115.1 166.3 65.3 25.7 132.9 163.4 171.7 19.1 179.8 188.8 100.6 14.3 
50.2 102.5 199.3 145.5 61.8 15.8 9.0 50.6 137.5 48.6 31.6 48.7 62.5 124.8 136.9 177.2 160.9 103.0 164.2 8.1 5.3 19.2 187.8 113.0 150.7 5.3 52.4 76.7 67.9 164.1 53.5 86.1 0.0 52.7 170.2 191.5 110.0 90.9 139.9 187.7 66.7 16.2 161.1 154.4 38.4 189.6 110.7 83.9 103.4 84.3 75.5 136.2 6.4 156.5 87.1 90.8 69.1 57.9 67.8 1.6 17.1 133.5 178.3 45.5 48.8 42.8 71.8 64.6 64.4 133.5 57.3 178.7 111.3 106.7 75.3 153.5 173.9 193.5 14.7 42.0 44.8 17.4 177.2 131.7 43.6 21.6 75.2 107.3 119.6 117.4 22.8 199.4 49.9 175.1 133.9 167.7 125.5 125.3 150.5 192.4 
141.8 72.2 131.7 49.5 44.7 86.8 111.1 129.7 74.4 137.4 29.0 134.0 106.7 25.0 149.9 59.9 160.2 87.0 133.0 181.2 133.6 171.4 54.9 118.1 152.5 184.3 137.0 6.9 118.0 170.4 8.6 61.9 52.7 0.0 151.6 69.4 69.1 157.8 140.4 36.0 191.7 153.1 119.7 36.8 147.7 110.2 158.6 28.0 72.5 116.0 148.3 58.3 17.1 88.6 134.4 199.3 6.5 72.8 26.0 1.3 169.0 41.1 114.8 180.8 114.6 43.2 50.8 184.5 184.9 168.0 129.3 117.0 11.0 96.8 71.2 178.9 169.6 176.3 24.2 187.7 50.4 13.1 181.8 151.0 153.8 153.0 36.8 129.4 56.3 114.3 182.0 44.1 171.5 159.1 79.8 86.8 32.0 6.1 7.7 180.2 
82.6 103.8 171.4 23.2 199.4 192.8 103.4 9.8 158.8 162.0 187.5 61.5 182.8 166.0 70.8 117.2 102.8 106.6 24.1 64.3 112.4 140.2 48.1 169.8 154.5 132.1 105.3 47.1 124.8 111.9 164.0 192.4 170.2 151.6 0.0 146.3 118.7 29.2 5.7 190.0 171.5 88.4 178.9 44.5 91.6 193.2 159.5 67.3 171.6 29.0 189.9 88.1 76.3 183.4 105.5 61.1 51.8 98.1 167.7 26.8 180.9 7.6 125.3 136.4 57.1 4.5 128.9 146.9 154.1 170.6 19.4 193.5 184.9 28.0 85.1 168.0 120.8 171.6 58.6 23.9 178.9 13.3 47.1 199.6 154.9 51.5 137.4 105.5 120.7 132.3 145.7 44.4 5.8 70.2 97.9 169.4 113.1 48.2 149.5 56.7 
139.6 147.5 147.8 144.8 192.1 7.8 145.7 21.1 14.5 66.9 28.3 11.5 133.3 106.2 178.3 73.2 156.6 171.1 188.8 152.2 80.7 119.2 51.5 156.6 135.8 158.7 135.5 45.9 52.2 21.2 1.8 126.8 191.5 69.4 146.3 0.0 162.5 155.1 107.9 171.0 87.8 166.4 103.9 60.9 185.7 112.2 114.2 135.9 133.3 120.0 65.8 87.3 62.1 23.5 85.0 65.1 196.9 151.8 197.7 187.5 170.8 184.3 109.4 15.2 110.2 178.8 117.7 114.0 3.9 148.4 154.0 161.3 196.3 34.0 146.4 94.1 19.9 148.0 181.1 186.2 10.9 101.7 11.3 13.8 150.5 122.8 20.0 42.7 180.0 122.0 3.5 148.2 150.3 55.4 160.1 105.6 185.5 32.4 98.6 12.5 
24.9 81.1 97.6 103.1 190.7 30.3 107.8 34.6 43.8 167.1 176.6 190.5 44.8 89.5 94.5 157.9 115.0 80.7 152.1 185.8 48.7 142.3 81.7 73.6 127.3 162.0 95.8 199.4 105.8 53.4 159.8 45.5 110.0 69.1 118.7 162.5 0.0 37.1 2.2 174.1 99.3 61.7 152.0 44.8 199.8 72.6 186.4 149.1 5.4 187.7 185.3 18.8 156.7 189.4 140.2 12.5 176.2 6.8 101.9 109.4 186.9 147.7 100.8 163.0 76.0 39.9 40.3 62.8 89.9 53.9 76.5 169.7 40.5 193.5 123.9 73.9 127.9 113.9 65.5 100.7 160.2 102.3 169.2 172.7 37.9 55.4 142.1 118.2 98.8 156.7 182.1 169.0 187.8 141.1 178.1 26.5 122.0 177.7 164.5 153.1 
128.0 39.6 95.9 88.8 193.2 77.8 194.4 72.7 104.6 167.8 147.5 136.3 132.2 116.4 53.8 73.9 6.3 161.7 142.1 113.4 147.8 37.5 111.7 179.7 35.4 179.6 103.5 110.6 163.7 50.0 133.7 187.1 90.9 157.8 29.2 155.1 37.1 0.0 143.5 14.2 18.2 39.7 31.8 165.7 129.8 168.5 23.3 174.8 94.8 171.3 51.9 8.9 81.3 122.5 35.2 106.5 10.1 116.2 102.3 94.8 187.7 90.8 121.0 50.2 81.9 177.5 152.5 72.8 53.1 50.5 56.6 126.5 38.4 142.1 167.9 186.1 24.5 171.4 61.9 94.5 31.6 17.2 147.9 31.3 97.9 83.9 110.9 54.9 25.7 13.6 152.3 94.6 99.5 144.3 116.5 110.7 101.3 136.2 96.1 57.1 
145.5 117.8 60.1 197.9 43.5 121.4 25.4 6.9 34.6 65.3 81.7 10.8 194.4 23.5 151.6 51.8 148.2 169.2 182.0 110.5 189.6 106.4 94.7 117.3 13.1 17.9 138.4 184.1 184.4 58.8 82.8 16.8 139.9 140.4 5.7 107.9 2.2 143.5 0.0 74.0 81.0 16.4 179.2 82.5 80.3 76.3 194.9 15.5 131.7 128.8 33.5 63.6 160.9 85.5 23.5 149.8 14.5 155.1 121.2 141.3 33.1 63.0 116.2 105.2 177.6 111.7 173.7 139.2 178.7 134.3 88.7 158.4 98.8 113.7 120.7 46.9 61.9 77.2 188.8 171.6 163.4 70.6 49.9 104.9 135.9 60.9 22.5 178.1 105.5 196.5 196.5 188.0 101.3 143.4 8.3 110.2 41.0 85.4 18.2 44.1 
79.1 144.6 72.3 15.4 183.1 180.4 185.5 50.8 44.4 19.2 66.8 68.2 27.3 58.6 27.6 114.6 190.0 84.1 95.7 105.5 29.8 65.0 70.3 102.2 50.2 56.2 160.3 5.7 136.6 117.6 144.2 123.2 187.7 36.0 190.0 171.0 174.1 14.2 74.0 0.0 178.2 84.2 48.7 199.0 93.8 95.3 148.2 130.0 137.8 147.0 94.2 172.1 120.4 183.3 170.8 131.0 55.5 167.6 20.0 123.0 168.0 130.5 47.1 67.4 119.5 151.2 198.9 71.6 52.8 147.2 190.8 68.8 183.3 159.5 161.1 193.9 180.8 10.9 95.9 120.7 149.1 137.4 188.1 6.6 74.4 10.4 27.5 100.9 31.9 53.6 135.2 168.7 113.1 157.1 62.1 111.0 159.8 184.3 135.6 59.0 
24.3 134.1 32.6 186.2 188.3 16.5 53.6 30.8 184.4 126.5 46.1 81.9 97.0 114.7 182.6 88.7 83.7 103.0 153.0 68.4 143.6 47.5 62.8 185.7 193.5 100.2 75.8 22.2 21.8 59.9 171.5 191.4 66.7 191.7 171.5 87.8 99.3 18.2 81.0 178.2 0.0 106.6 159.0 4.5 99.5 61.3 56.4 38.8 193.8 26.1 167.3 73.7 134.4 170.2 23.7 122.6 142.5 114.6 144.5 177.7 28.5 91.2 174.6 89.2 118.0 13.3 116.7 17.1 168.2 39.4 94.9 117.5 95.1 144.5 14.3 160.0 16.2 185.0 181.3 146.9 199.9 12.7 53.5 12.5 1.9 149.9 42.5 13.6 73.9 67.4 158.6 72.5 161.1 124.0 170.6 149.5 172.6 16.1 138.1 12.2 
53.9 79.7 10.1 45.9 183.3 10.9 50.3 191.5 155.8 8.1 158.8 60.4 162.9 78.0 125.9 62.8 86.1 166.2 89.9 115.7 120.4 40.2 81.2 148.9 51.2 25.9 23.9 5.0 148.1 119.0 80.1 122.4 16.2 153.1 88.4 166.4 61.7 39.7 16.4 84.2 106.6 0.0 103.6 14.8 33.4 69.7 148.5 137.7 1.8 137.3 140.0 107.0 82.5 2.0 92.6 52.7 199.1 79.0 75.0 161.9 13.3 64.7 135.8 175.7 28.3 21.8 120.6 72.6 199.6 82.5 20.9 112.5 106.2 116.7 193.4 94.7 81.3 124.7 195.3 49.6 131.2 18.0 136.3 7.1 29.1 26.1 174.1 37.2 66.2 100.3 157.3 71.5 37.2 3.9 176.7 97.0 3.1 193.7 29.6 69.8 
139.5 171.4 13.8 34.2 184.1 79.6 72.6 91.7 157.5 119.8 126.4 177.5 118.4 187.9 135.2 146.7 7.1 183.4 172.2 84.2 122.4 82.6 75.4 32.9 167.2 118.8 11.2 121.2 116.8 134.2 144.0 1.5 161.1 119.7 178.9 103.9 152.0 31.8 179.2 48.7 159.0 103.6 0.0 7.4 57.9 60.2 185.0 76.7 25.4 169.8 195.4 88.9 133.6 15.4 18.4 44.3 65.2 154.1 117.0 148.4 1.7 148.4 140.8 73.0 23.0 32.9 69.2 117.6 9.5 154.3 22.5 144.6 184.2 104.6 84.3 143.4 43.5 38.5 108.9 27.1 110.1 123.5 139.0 21.2 74.5 22.8 112.5 156.1 64.7 139.7 152.7 122.0 60.7 141.5 165.3 44.8 3.0 63.0 153.6 81.3 
72.2 181.1 182.6 124.3 197.8 107.3 34.0 20.2 76.9 91.5 14.4 108.0 121.7 7.8 54.7 103.6 23.0 132.1 33.1 190.7 62.8 183.1 54.0 78.6 27.8 34.4 166.5 144.7 157.5 181.1 27.1 83.4 154.4 36.8 44.5 60.9 44.8 165.7 82.5 199.0 4.5 14.8 7.4 0.0 150.1 8.8 55.3 199.8 134.2 121.6 149.0 88.7 59.5 70.8 47.7 96.5 38.2 27.5 119.6 146.1 109.0 113.7 35.1 74.4 190.5 146.9 161.4 17.9 13.4 169.4 42.2 7.3 171.9 180.4 169.2 82.4 42.3 193.8 180.4 83.5 131.0 6.2 175.8 188.1 32.0 63.5 191.7 40.7 79.7 195.1 120.0 56.7 194.5 129.2 2.2 108.6 5.5 102.0 162.3 165.9 
36.7 37.8 43.4 16.5 96.8 160.9 191.5 28.8 37.6 20.6 107.7 195.5 152.9 185.8 124.1 86.4 193.1 149.7 168.4 48.1 134.0 120.3 34.1 59.3 170.0 153.0 37.0 68.6 132.3 162.6 13.0 175.4 38.4 147.7 91.6 185.7 199.8 129.8 80.3 93.8 99.5 33.4 57.9 150.1 0.0 94.8 21.5 95.6 90.8 70.1 66.8 41.8 41.8 144.4 137.3 103.0 85.5 80.0 194.1 184.8 59.8 157.7 143.6 23.0 74.3 102.3 30.4 194.5 135.8 86.9 60.9 18.5 197.4 117.9 7.6 131.4 181.0 147.9 21.5 187.7 164.4 78.8 34.5 159.4 34.7 37.8 99.7 75.2 106.6 141.9 163.9 155.3 52.6 180.0 124.7 36.4 134.4 168.0 73.1 188.5 
88.6 51.0 29.1 34.0 73.0 199.8 26.6 140.2 78.8 133.9 153.8 144.4 5.4 162.4 115.1 102.1 151.9 15.7 58.9 168.7 140.9 192.1 57.6 106.9 28.2 109.0 106.7 130.0 118.4 74.6 10.1 138.6 189.6 110.2 193.2 112.2 72.6 168.5 76.3 95.3 61.3 69.7 60.2 8.8 94.8 0.0 154.5 66.0 61.2 141.3 73.8 43.5 17.5 115.6 164.6 20.3 167.0 103.5 32.4 159.5 186.1 160.3 37.7 160.6 52.0 20.0 121.5 53.7 26.9 3.8 1.9 69.7 152.9 103.7 30.3 119.9 14.6 27.9 179.8 27.9 166.9 35.9 96.8 62.9 110.9 75.8 7.3 171.5 118.0 10.7 75.5 122.4 192.2 53.8 50.9 14.3 13.1 23.9 78.1 173.7 
120.6 146.8 37.6 152.5 90.4 52.3 144.7 128.5 182.5 30.8 15.0 121.1 118.7 170.4 67.4 83.5 59.5 38.2 137.6 158.6 34.0 54.1 177.5 98.8 158.9 76.7 13.6 63.7 99.9 152.7 56.1 16.0 110.7 158.6 159.5 114.2 186.4 23.3 194.9 148.2 56.4 148.5 185.0 55.3 21.5 154.5 0.0 9.9 180.1 26.4 150.7 168.3 188.4 114.5 80.6 136.1 99.0 66.5 61.0 69.0 185.5 118.3 33.6 32.6 138.3 58.7 194.2 58.3 70.2 103.6 167.3 186.9 16.4 143.3 165.5 94.0 35.8 180.0 110.1 50.6 1.5 73.1 96.8 120.7 148.3 143.1 127.1 66.8 196.1 155.7 67.2 147.6 99.9 7.8 143.2 37.4 117.3 149.6 47.1 177.0 
11.0 106.2 78.4 56.1 126.9 19.4 41.1 20.9 21.5 24.2 75.1 148.2 142.0 34.9 17.1 39.3 123.3 9.4 9.8 146.7 111.4 114.9 196.4 145.7 133.6 168.1 44.5 150.0 129.0 188.1 183.0 118.0 83.9 28.0 67.3 135.9 149.1 174.8 15.5 130.0 38.8 137.7 76.7 199.8 95.6 66.0 9.9 0.0 32.9 84.7 134.7 15.4 101.2 9.4 80.6 125.8 126.4 146.8 151.3 108.3 184.5 102.2 159.4 180.5 23.1 83.2 131.6 27.4 73.5 156.2 176.8 84.5 39.1 30.5 41.8 105.9 78.5 168.7 166.6 48.9 119.8 113.5 149.0 147.6 94.2 161.3 185.0 81.2 10.6 24.6 71.0 107.8 175.4 174.8 97.7 109.7 137.3 180.4 176.4 140.0 
193.4 175.8 76.5 106.5 143.0 124.6 117.0 172.5 163.5 64.6 42.6 169.2 196.8 27.5 9.0 48.7 34.3 5.4 107.0 54.6 164.5 54.0 195.1 97.7 20.8 172.5 159.3 92.3 178.7 48.9 52.8 13.3 103.4 72.5 171.6 133.3 5.4 94.8 131.7 137.8 193.8 1.8 25.4 134.2 90.8 61.2 180.1 32.9 0.0 17.5 47.0 142.5 21.0 21.3 26.7 24.2 83.5 85.1 22.9 176.9 177.6 30.8 171.2 112.7 30.9 160.3 70.3 22.8 57.3 52.6 128.1 138.4 181.4 42.5 117.6 164.7 86.3 26.8 153.4 77.3 46.4 126.4 29.1 98.9 173.2 36.3 55.5 3.9 158.4 68.0 173.7 179.5 98.6 125.8 181.2 136.7 120.4 110.1 12.1 2.9 
22.8 59.7 134.9 25.4 70.8 169.1 21.3 47.3 100.6 184.4 155.4 27.1 154.4 62.7 171.1 163.8 19.6 101.7 64.5 56.8 121.5 162.5 41.9 155.8 27.9 146.2 87.2 3.8 177.4 141.6 49.9 56.1 84.3 116.0 29.0 120.0 187.7 171.3 128.8 147.0 26.1 137.3 169.8 121.6 70.1 141.3 26.4 84.7 17.5 0.0 92.0 6.1 119.3 41.6 102.4 50.5 182.7 117.3 87.6 133.3 163.4 170.7 194.3 188.6 36.0 173.5 74.3 59.4 160.2 22.1 165.2 6.3 191.1 151.6 77.7 155.2 95.4 44.3 26.8 90.3 148.0 189.9 139.5 1.1 162.6 165.2 27.2 181.2 29.1 17.9 191.8 172.4 57.0 103.5 160.4 96.8 113.3 70.9 81.6 79.9 
190.8 10.1 62.3 125.5 157.5 92.9 70.1 148.8 46.9 132.8 24.4 110.0 31.7 169.9 154.3 72.4 52.4 138.3 114.9 34.5 149.4 120.8 184.0 3.7 115.8 46.3 173.3 41.8 100.2 81.6 116.2 165.2 75.5 148.3 189.9 65.8 185.3 51.9 33.5 94.2 167.3 140.0 195.4 149.0 66.8 73.8 150.7 134.7 47.0 92.0 0.0 32.5 32.9 132.8 70.3 99.3 5.2 197.6 101.5 20.3 83.9 157.3 38.6 92.7 145.5 114.4 121.4 172.4 26.7 65.1 172.1 26.8 36.7 84.0 39.5 127.5 40.9 49.5 11.9 67.1 52.9 184.4 43.9 54.5 125.4 83.7 16.1 94.6 199.3 168.0 91.3 167.0 177.9 84.3 86.9 162.6 72.9 94.0 107.0 5.5 
187.1 24.5 40.4 23.5 125.3 35.8 169.4 142.5 80.2 26.3 80.3 3.0 62.3 164.5 58.7 55.0 38.8 58.0 2.1 11.8 85.3 43.1 108.2 180.6 153.7 110.9 109.2 51.4 49.6 30.7 12.1 156.6 136.2 58.3 88.1 87.3 18.8 8.9 63.6 172.1 73.7 107.0 88.9 88.7 41.8 43.5 168.3 15.4 142.5 6.1 32.5 0.0 24.7 111.4 61.5 64.5 191.1 50.9 69.1 51.0 86.5 84.0 67.8 12.1 137.6 38.9 67.4 4.3 154.8 23.6 109.6 187.0 21.8 4.3 8.7 136.7 126.1 154.7 45.0 113.7 143.6 173.4 30.5 31.5 49.4 60.9 128.5 103.2 156.8 188.4 37.6 69.5 163.3 188.0 160.9 135.3 4.0 193.0 1.4 177.7 
34.2 146.4 194.3 155.1 147.2 125.0 51.1 27.3 143.2 136.9 99.1 80.8 156.7 115.1 133.3 3.4 162.5 73.1 164.6 173.3 162.9 161.3 121.5 130.8 183.6 106.9 49.9 72.8 163.4 41.1 105.5 37.9 6.4 17.1 76.3 62.1 156.7 81.3 160.9 120.4 134.4 82.5 133.6 59.5 41.8 17.5 188.4 101.2 21.0 119.3 32.9 24.7 0.0 184.8 192.7 96.0 125.0 71.5 198.3 6.6 118.3 11.2 56.3 97.4 129.5 38.5 143.0 199.8 45.1 65.9 45.9 83.5 32.5 117.9 140.0 87.4 56.0 68.5 82.7 117.2 193.6 104.1 90.2 131.3 58.6 105.0 122.4 174.1 130.7 155.0 198.9 139.8 181.5 183.3 158.0 96.0 166.3 100.8 18.1 41.6 
29.4 163.0 11.7 114.5 181.1 129.6 17.1 99.0 35.6 185.4 136.2 64.3 21.1 78.7 4.5 90.9 43.1 191.5 163.0 121.9 80.1 128.9 55.3 136.1 186.2 125.8 8.2 163.1 182.0 52.9 137.9 58.0 156.5 88.6 183.4 23.5 189.4 122.5 85.5 183.3 170.2 2.0 15.4 70.8 144.4 115.6 114.5 9.4 21.3 41.6 132.8 111.4 184.8 0.0 55.6 161.4 63.4 128.2 45.8 167.3 20.1 71.3 144.2 56.1 18.5 186.1 26.2 64.7 158.9 83.3 9.5 156.0 135.8 117.6 155.2 138.0 60.5 124.4 142.7 106.8 50.9 88.7 94.6 184.6 80.9 83.8 137.6 64.6 119.0 33.9 143.2 139.3 59.4 153.4 143.0 88.2 105.7 83.2 99.3 93.3 
167.9 15.5 80.8 129.2 97.7 171.4 15.8 146.9 126.0 116.5 35.2 12.6 121.8 137.1 25.6 60.9 109.3 136.8 26.2 41.3 3.0 22.1 14.4 34.5 15.3 98.7 16.6 11.5 109.0 127.6 100.0 134.1 87.1 134.4 105.5 85.0 140.2 35.2 23.5 170.8 23.7 92.6 18.4 47.7 137.3 164.6 80.6 80.6 26.7 102.4 70.3 61.5 192.7 55.6 0.0 76.7 105.4 84.5 137.6 8.1 109.1 162.1 158.9 197.2 50.5 137.6 195.5 69.5 158.7 52.4 156.5 162.8 173.3 59.3 60.9 93.4 152.8 88.6 21.1 34.1 195.0 144.5 158.7 14.6 126.1 180.0 98.4 47.2 147.4 174.9 61.6 141.9 88.9 30.2 105.9 176.7 67.0 8.6 95.6 171.4 
56.8 91.8 11.7 92.5 155.8 116.3 90.6 34.1 4.8 73.3 84.4 137.5 36.5 50.8 62.4 42.2 55.5 88.6 70.5 58.2 35.9 9.5 143.4 48.7 4.6 186.2 35.1 172.2 172.6 139.0 145.4 95.2 90.8 199.3 61.1 65.1 12.5 106.5 149.8 131.0 122.6 52.7 44.3 96.5 103.0 20.3 136.1 125.8 24.2 50.5 99.3 64.5 96.0 161.4 76.7 0.0 89.6 105.9 75.1 94.0 133.8 87.8 82.7 84.5 47.8 92.0 125.6 96.7 127.1 102.1 115.9 18.2 66.2 100.9 94.2 160.7 111.1 193.7 53.0 173.6 77.8 191.8 93.5 123.7 2.4 31.8 136.4 32.8 136.6 111.9 43.0 19.0 13.9 131.5 61.2 89.1 119.7 35.5 166.9 72.9 
133.7 24.2 55.0 100.4 2.1 20.7 132.5 13.4 144.0 144.1 111.7 112.9 157.8 109.3 156.9 146.4 154.6 144.2 160.9 156.3 5.7 150.6 121.3 153.5 118.1 18.0 135.8 26.3 104.8 179.9 132.6 41.9 69.1 6.5 51.8 196.9 176.2 10.1 14.5 55.5 142.5 199.1 65.2 38.2 85.5 167.0 99.0 126.4 83.5 182.7 5.2 191.1 125.0 63.4 105.4 89.6 0.0 165.6 132.5 61.8 165.6 14.2 125.7 127.7 148.5 135.8 7.7 23.9 131.3 142.4 181.5 9.5 149.3 33.2 81.7 138.6 83.0 142.9 19.1 47.3 163.4 6.4 21.7 94.4 83.4 54.3 159.2 30.0 199.0 150.1 7.1 177.6 28.8 59.4 68.0 101.1 102.5 107.3 163.6 86.4 
140.7 9.2 29.4 13.8 188.1 105.8 33.4 18.9 2.5 91.2 166.2 131.6 149.1 41.8 82.0 176.2 196.6 131.3 108.2 113.7 190.0 81.5 19.0 145.8 62.6 39.8 58.2 122.8 4.3 88.7 192.0 49.1 57.9 72.8 98.1 151.8 6.8 116.2 155.1 167.6 114.6 79.0 154.1 27.5 80.0 103.5 66.5 146.8 85.1 117.3 197.6 50.9 71.5 128.2 84.5 105.9 165.6 0.0 109.6 166.1 88.5 37.8 31.5 59.7 121.9 154.3 122.8 166.8 66.1 161.7 29.7 95.5 69.7 25.1 58.5 66.5 194.2 27.2 124.8 123.8 191.2 45.3 77.9 156.5 35.6 82.5 160.4 13.1 131.1 132.3 41.7 153.8 80.6 192.9 5.2 163.1 126.5 45.0 77.0 37.9 
9.8 188.4 92.7 182.3 155.5 150.6 43.2 41.2 88.3 107.7 121.9 13.7 49.2 26.6 7.4 138.8 39.1 27.5 42.4 151.3 52.3 136.7 167.4 27.2 6.3 52.7 17.9 190.1 141.0 134.6 172.2 97.5 67.8 26.0 167.7 197.7 101.9 102.3 121.2 20.0 144.5 75.0 117.0 119.6 194.1 32.4 61.0 151.3 22.9 87.6 101.5 69.1 198.3 45.8 137.6 75.1 132.5 109.6 0.0 33.1 14.1 56.6 145.2 164.9 97.8 40.2 36.3 183.9 121.0 118.3 190.7 80.4 27.1 30.3 158.6 195.5 94.3 170.3 121.9 172.9 15.3 2.7 184.8 10.1 25.2 110.2 65.4 83.6 116.5 48.7 165.4 122.4 8.4 56.1 133.7 43.7 195.4 123.6 74.9 110.4 
68.4 64.3 11.5 173.3 176.2 46.9 15.1 16.7 135.5 149.2 158.1 188.6 124.8 90.6 127.7 33.9 7.3 147.0 145.3 2.0 164.6 13.2 116.0 106.4 119.7 153.6 132.5 197.7 92.3 151.7 42.5 30.5 1.6 1.3 26.8 187.5 109.4 94.8 141.3 123.0 177.7 161.9 148.4 146.1 184.8 159.5 69.0 108.3 176.9 133.3 20.3 51.0 6.6 167.3 8.1 94.0 61.8 166.1 33.1 0.0 137.2 175.6 48.9 20.4 139.0 21.4 191.5 79.5 74.9 168.4 188.2 31.5 25.6 109.7 10.4 65.9 190.6 94.2 188.6 152.2 25.5 58.4 159.5 155.9 52.9 191.3 136.2 34.4 110.2 89.0 132.2 63.2 167.0 22.9 50.8 56.8 109.4 96.5 19.6 51.1 
39.1 93.8 70.6 153.7 55.2 86.3 65.4 196.9 114.6 64.9 82.7 132.1 26.1 117.8 76.7 75.4 61.3 185.3 95.0 124.4 83.6 161.0 16.2 84.1 43.2 105.8 123.2 64.7 31.6 192.7 21.4 36.9 17.1 169.0 180.9 170.8 186.9 187.7 33.1 168.0 28.5 13.3 1.7 109.0 59.8 186.1 185.5 184.5 177.6 163.4 83.9 86.5 118.3 20.1 109.1 133.8 165.6 88.5 14.1 137.2 0.0 98.0 127.7 139.8 44.0 132.7 107.8 162.2 132.0 100.0 93.0 111.6 169.4 38.6 135.7 184.2 81.3 122.7 3.7 16.3 66.0 31.4 198.5 74.5 172.2 129.9 46.7 143.8 76.3 171.3 8.1 122.9 160.8 14.9 67.2 61.3 10.6 31.9 161.4 143.1 
3.8 176.0 70.0 47.6 160.2 57.5 8.2 165.1 62.9 36.0 102.2 49.9 150.7 5.2 104.3 85.7 150.0 190.4 199.5 150.4 190.3 47.3 36.4 96.8 112.2 132.9 188.2 198.5 128.9 46.8 151.4 156.0 133.5 41.1 7.6 184.3 147.7 90.8 63.0 130.5 91.2 64.7 148.4 113.7 157.7 160.3 118.3 102.2 30.8 170.7 157.3 84.0 11.2 71.3 162.1 87.8 14.2 37.8 56.6 175.6 98.0 0.0 75.1 74.8 198.4 23.8 61.5 11.4 157.7 117.0 34.0 150.7 51.8 146.2 1.0 64.8 8.3 6.3 42.0 56.4 194.9 103.1 166.5 198.6 182.9 142.9 131.0 91.7 113.7 37.6 193.1 60.9 51.9 9.6 85.8 141.6 22.4 62.9 194.0 61.5 
56.6 137.5 75.0 150.6 35.3 197.1 149.1 83.5 188.1 115.8 145.9 145.6 131.5 164.7 68.4 179.8 174.4 54.2 78.7 72.3 50.4 9.5 110.7 182.2 61.4 174.7 130.7 13.9 173.0 73.7 186.8 143.6 178.3 114.8 125.3 109.4 100.8 121.0 116.2 47.1 174.6 135.8 140.8 35.1 143.6 37.7 33.6 159.4 171.2 194.3 38.6 67.8 56.3 144.2 158.9 82.7 125.7 31.5 145.2 48.9 127.7 75.1 0.0 17.7 138.6 124.9 190.3 91.8 23.9 49.6 183.7 134.5 89.9 35.1 117.5 130.1 53.0 36.7 176.5 56.4 171.9 119.2 33.7 164.3 132.9 101.1 168.0 112.2 61.3 67.2 16.3 189.7 36.6 35.5 194.8 137.9 199.3 155.8 71.8 103.4 
170.4 178.9 115.2 38.5 163.0 144.8 18.5 78.9 163.9 133.3 79.0 198.1 29.8 183.1 186.8 71.4 5.4 82.1 25.7 189.0 39.9 189.3 34.8 143.5 129.4 117.9 141.3 15.4 90.9 67.0 112.0 55.1 45.5 180.8 136.4 15.2 163.0 50.2 105.2 67.4 89.2 175.7 73.0 74.4 23.0 160.6 32.6 180.5 112.7 188.6 92.7 12.1 97.4 56.1 197.2 84.5 127.7 59.7 164.9 20.4 139.8 74.8 17.7 0.0 1.2 34.3 79.6 174.9 38.2 193.9 189.2 184.4 103.0 58.3 152.2 138.0 198.4 51.7 89.3 17.6 25.8 64.1 155.1 30.8 98.7 3.2 141.7 70.1 192.6 67.0 196.8 83.8 5.3 196.7 181.8 77.8 198.2 134.4 68.3 141.8 
174.2 46.9 197.4 41.6 125.0 14.9 137.2 37.9 186.2 47.5 118.2 199.4 51.3 154.0 81.9 190.1 53.5 54.6 199.2 189.1 13.7 83.2 72.5 126.7 12.7 86.9 9.3 20.0 102.9 42.5 114.1 93.2 48.8 114.6 57.1 110.2 76.0 81.9 177.6 119.5 118.0 28.3 23.0 190.5 74.3 52.0 138.3 23.1 30.9 36.0 145.5 137.6 129.5 18.5 50.5 47.8 148.5 121.9 97.8 139.0 44.0 198.4 138.6 1.2 0.0 71.9 73.8 34.1 39.3 10.9 97.2 139.4 169.8 184.8 69.5 38.5 126.6 13.2 68.8 165.5 23.9 136.5 29.9 120.9 26.4 115.9 170.7 40.6 146.4 139.8 15.8 63.6 129.4 101.9 103.6 29.7 107.0 76.8 66.2 102.9 
124.8 79.8 176.3 145.4 8.9 31.0 1.4 171.0 56.6 178.4 140.0 58.3 48.3 182.5 46.1 175.4 138.4 196.9 159.2 174.3 161.0 55.9 40.6 92.3 79.1 164.7 185.9 87.3 126.5 157.2 174.4 58.1 42.8 43.2 4.5 178.8 39.9 177.5 111.7 151.2 13.3 21.8 32.9 146.9 102.3 20.0 58.7 83.2 160.3 173.5 114.4 38.9 38.5 186.1 137.6 92.0 135.8 154.3 40.2 21.4 132.7 23.8 124.9 34.3 71.9 0.0 141.0 187.0 119.5 125.0 126.5 165.2 90.7 118.8 91.7 138.1 16.6 107.7 43.1 114.2 60.0 92.7 70.6 10.7 20.1 97.4 156.7 25.9 196.2 115.5 159.9 96.4 8.6 106.8 154.9 144.2 176.4 56.2 30.3 33.0 
186.1 6.6 30.3 13.8 97.7 191.6 15.3 58.1 9.0 164.4 10.7 5.1 41.9 109.1 17.2 160.0 29.3 86.8 47.5 81.5 26.7 155.8 72.4 35.2 199.4 127.3 43.0 92.6 189.5 50.4 160.3 123.0 71.8 50.8 128.9 117.7 40.3 152.5 173.7 198.9 116.7 120.6 69.2 161.4 30.4 121.5 194.2 131.6 70.3 74.3 121.4 67.4 143.0 26.2 195.5 125.6 7.7 122.8 36.3 191.5 107.8 61.5 190.3 79.6 73.8 141.0 0.0 192.4 44.5 62.2 170.3 172.5 52.2 13.2 98.3 66.9 91.7 84.3 55.7 174.6 50.7 197.3 58.7 40.7 51.4 104.8 113.6 112.0 108.1 72.4 85.0 103.0 92.3 69.5 20.2 92.5 149.1 15.0 5.5 6.9 
10.8 189.5 34.2 10.9 192.7 185.4 82.7 96.8 121.0 112.6 193.8 103.5 136.2 185.4 197.2 196.9 7.3 21.3 4.7 42.8 21.0 84.7 42.0 97.0 1.8 154.2 163.3 8.6 194.3 24.4 41.6 62.2 64.6 184.5 146.9 114.0 62.8 72.8 139.2 71.6 17.1 72.6 117.6 17.9 194.5 53.7 58.3 27.4 22.8 59.4 172.4 4.3 199.8 64.7 69.5 96.7 23.9 166.8 183.9 79.5 162.2 11.4 91.8 174.9 34.1 187.0 192.4 0.0 5.5 111.8 195.4 149.2 71.9 136.8 166.2 194.0 175.7 146.5 105.8 39.3 113.0 182.8 9.4 34.9 165.5 46.7 179.4 139.7 52.1 76.9 148.2 9.6 49.4 41.6 176.7 187.9 176.9 136.1 98.9 28.0 
127.6 153.1 66.6 32.4 174.0 130.5 117.6 99.8 66.9 133.1 6.8 193.9 191.0 44.5 150.8 191.9 156.7 123.3 73.2 5.0 52.0 62.7 102.5 145.4 4.9 115.1 184.8 198.2 136.8 106.0 191.8 164.5 64.4 184.9 154.1 3.9 89.9 53.1 178.7 52.8 168.2 199.6 9.5 13.4 135.8 26.9 70.2 73.5 57.3 160.2 26.7 154.8 45.1 158.9 158.7 127.1 131.3 66.1 121.0 74.9 132.0 157.7 23.9 38.2 39.3 119.5 44.5 5.5 0.0 57.4 181.5 93.2 125.5 170.0 166.9 158.1 70.0 100.7 144.1 118.8 137.7 110.1 34.2 42.0 138.5 48.3 136.4 94.5 190.1 151.0 47.9 108.4 116.0 159.3 192.7 72.2 151.1 44.2 134.0 4.4 
40.3 91.0 74.6 156.3 76.9 124.7 153.6 196.1 45.2 15.1 195.6 6.5 161.2 43.3 99.5 198.0 164.9 17.4 39.2 117.4 191.9 163.3 78.2 167.0 15.0 22.7 162.5 9.6 91.7 177.8 98.1 132.3 133.5 168.0 170.6 148.4 53.9 50.5 134.3 147.2 39.4 82.5 154.3 169.4 86.9 3.8 103.6 156.2 52.6 22.1 65.1 23.6 65.9 83.3 52.4 102.1 142.4 161.7 118.3 168.4 100.0 117.0 49.6 193.9 10.9 125.0 62.2 111.8 57.4 0.0 74.4 171.2 81.6 26.2 112.1 41.7 85.1 174.8 189.4 118.0 170.9 137.1 188.4 124.9 77.2 11.7 128.1 53.8 70.8 149.1 27.6 106.9 153.1 66.5 197.7 195.5 79.5 159.1 121.3 160.6 
57.3 63.2 96.7 67.9 126.1 152.6 7.6 161.3 70.4 39.0 65.8 14.9 63.3 92.4 83.6 129.7 102.5 19.7 80.1 139.4 4.5 62.2 68.9 26.7 83.7 175.5 160.1 8.8 53.9 42.5 131.3 74.5 57.3 129.3 19.4 154.0 76.5 56.6 88.7 190.8 94.9 20.9 22.5 42.2 60.9 1.9 167.3 176.8 128.1 165.2 172.1 109.6 45.9 9.5 156.5 115.9 181.5 29.7 190.7 188.2 93.0 34.0 183.7 189.2 97.2 126.5 170.3 195.4 181.5 74.4 0.0 166.5 114.0 124.7 105.1 125.9 49.4 18.7 34.1 67.6 49.5 69.0 31.3 147.9 176.0 189.7 11.9 40.8 74.4 64.5 98.7 46.4 164.6 135.2 106.5 64.0 27.5 60.7 139.5 60.2 
122.0 130.0 126.2 194.2 110.2 30.5 4.3 73.9 86.3 126.8 131.7 90.8 78.4 26.6 29.6 126.6 184.3 6.6 160.3 75.1 91.3 130.0 107.9 148.8 33.2 182.3 145.8 43.8 101.5 159.4 66.6 178.5 178.7 117.0 193.5 161.3 169.7 126.5 158.4 68.8 117.5 112.5 144.6 7.3 18.5 69.7 186.9 84.5 138.4 6.3 26.8 187.0 83.5 156.0 162.8 18.2 9.5 95.5 80.4 31.5 111.6 150.7 134.5 184.4 139.4 165.2 172.5 149.2 93.2 171.2 166.5 0.0 27.3 88.1 194.1 44.0 17.5 95.4 34.2 195.8 27.8 187.3 10.2 61.5 107.0 104.5 193.7 44.5 93.9 86.7 125.6 177.5 110.3 103.3 171.7 46.9 162.8 174.1 82.4 31.8 
65.1 6.5 143.3 153.5 174.0 105.7 106.9 197.0 85.7 198.6 68.7 67.7 118.6 13.4 54.0 190.4 40.6 107.5 6.8 125.5 145.2 147.9 76.4 171.0 68.1 121.2 195.6 94.3 189.4 162.2 149.1 189.9 111.3 11.0 184.9 196.3 40.5 38.4 98.8 183.3 95.1 106.2 184.2 171.9 197.4 152.9 16.4 39.1 181.4 191.1 36.7 21.8 32.5 135.8 173.3 66.2 149.3 69.7 27.1 25.6 169.4 51.8 89.9 103.0 169.8 90.7 52.2 71.9 125.5 81.6 114.0 27.3 0.0 14.9 172.6 57.0 53.6 47.1 95.1 76.7 2.6 133.5 112.8 172.5 73.0 35.5 173.8 150.7 138.5 20.8 21.9 32.7 93.6 121.8 78.5 22.3 174.3 199.0 18.5 182.8 
