10
0.0 12.3 16.1 13.0 6.2 11.7 11.2 16.8 13.7 13.3 
12.3 0.0 5.1 17.6 12.7 5.4 18.1 13.2 10.3 5.9 
16.1 5.1 0.0 18.4 5.9 13.3 18.0 7.4 4.9 15.2 
13.0 17.6 18.4 0.0 7.7 13.6 14.7 13.3 18.4 15.2 
6.2 12.7 5.9 7.7 0.0 3.2 5.7 14.4 8.8 14.2 
11.7 5.4 13.3 13.6 3.2 0.0 3.3 13.1 14.8 8.5 
11.2 18.1 18.0 14.7 5.7 3.3 0.0 3.2 6.1 14.2 
16.8 13.2 7.4 13.3 14.4 13.1 3.2 0.0 7.8 4.4 
13.7 10.3 4.9 18.4 8.8 14.8 6.1 7.8 0.0 9.4 
13.3 5.9 15.2 15.2 14.2 8.5 14.2 4.4 9.4 0.0 
